Functions used:
Variant: standard
Fitness function: bulk_basic
Selection function: roulette_wheel
Recombination function: partially_mapped
Mutation function: swap

Hyperparameters:
Population size: 200
Number of generations: 3000
Number of facilities: 256
Mutation probability: 0.3
Tournament size: 25
Testing: False

Results:
Best fitness: 47625886
Total time: 489.8303732872009
Best chromosome: 
253
70
29
125
16
102
241
98
254
135
185
2
212
236
104
226
224
203
0
223
251
166
68
42
124
17
217
116
21
183
189
46
139
143
157
57
128
230
105
32
73
35
93
20
147
194
72
14
87
111
239
174
198
145
69
152
233
22
49
91
40
118
168
199
192
80
132
43
155
88
97
232
107
177
172
191
82
115
225
10
123
78
86
65
76
47
94
158
248
84
215
106
213
153
8
237
164
235
55
246
175
242
222
187
180
221
193
31
66
44
206
36
129
79
101
27
134
227
210
178
120
113
156
45
244
60
184
121
218
23
149
12
130
229
186
204
3
142
25
53
197
48
200
228
126
181
119
7
